13426.585531914898
13426.585531914898
13323.640851063832
13156.355744680852
13092.015319148937
13696.81531914894
14264.433361702133
14331.84486877633
14235.260891024955
14232.991693487424
14189.81044173237
14103.768085106389
14070.429038297876
14018.517446808513
14018.517446808513
14018.517446808513
14456.752510638296
14616.414784533976
14526.229521546607
14481.25444864457
14085.283133260953
13841.751937290035
13618.843538633817
13400.08609182531
13400.08609182531
13297.141410974247
13129.856304591267
13065.515879059352
13670.315879059355
14450.24120044793
14331.844868776334
14235.260891024955
14232.99169348742
14189.81044173237
14103.768085106385
14070.429038297876
14018.517446808513
14018.517446808513
14018.517446808513
14456.7525106383
14616.414784533965
14526.229521546604
14481.25444864457
14085.283133260953
13841.751937290035
13612.017110862264
13369.988667413214
13352.969630459127
13246.611735722287
11613.370204096376
7908.815001264313
7372.417021276596
7708.825531914893
7746.204255319149
7717.997325227962
7714.504559270516
7695.8151975683895
7658.436474164134
7639.747112462007
7602.368389057751
7602.368389057751
7602.368389057751
7795.510736346701
7916.325286792823
7860.629473477792
7838.725561329541
7644.785324051379
7470.132765957448
7299.9034650455915
7122.415805471125
7185.23432730763
1501.3940425531919
